3
3.0
2.9907940282732195
2.9739903020785854
2.950220213380822
2.919818887166914
2.8830506215389344
2.8401824920165386
2.791507006026727
2.737347465781168
2.6780573187885808
2.614017310327692
2.545631757581499
2.473324430196897
2.3975342420589483
2.3187108645841437
2.2373103390109286
2.153790752431659
2.0686080357237215
1.98221193645867
1.8950422148045372
1.8075251049676169
1.7200700787948
1.6330669418534598
1.5468832857452566
1.4618623137291635
1.3783210500646859
1.2965489369704202
1.2168068168482247
1.1393262915595532
